0 140
2 190
3 134
4 138
5 142
6 144
7 180
8 184
9 182
10 132
11 146
12 136
13 238
14 240
15 98
16 176
17 178
18 186
19 128
20 130
21 148
22 232
23 242
24 254
25 252
27 96
28 174
29 172
30 158
31 152
32 150
33 234
34 236
35 250
36 196
38 92
39 94
40 170
41 160
42 162
43 154
44 156
45 244
46 248
47 192
48 194
49 90
50 76
51 74
52 104
53 168
54 166
55 228
56 230
57 246
58 208
59 198
60 202
61 88
62 70
63 106
64 102
65 100
66 164
67 226
68 224
69 210
70 206
71 200
72 86
73 84
74 66
75 120
76 118
77 108
78 24
79 26
80 222
81 218
82 216
83 204
84 82
85 68
86 64
87 116
88 14
89 18
90 22
91 28
92 30
93 220
94 214
96 72
97 122
98 110
99 8
100 16
101 20
102 40
103 34
104 32
105 44
106 212
107 80
108 78
109 126
110 112
111 4
112 2
113 42
114 38
115 36
116 48
118 124
119 114
120 12
121 0
122 60
123 54
124 52
125 50
126 10
127 6
128 58
129 62
130 56
131 46
