0 0 0 256 1.5 253 1 250 1.5 252 1.5 248 1 251 1.5 252 1.5 253 1 254 1.5 249 1.5 253 1.5 252 1 253 1.5
0 0 2 249 1.5 248 1 246 1 249 1 249 1 245 1 242 1.5 245 1 246 1.5 247 1.5 248 1 247 1 248 1.5
0 0 4 258 1.5 257 1.5 259 1 257 1.5 255 1 258 1 265 1 258 1.5 261 1.5 259 1.5 259 1 255 1.5 258 1
0 0 6 245 1.5 246 1 250 1.5 249 1.5 254 1 247 1.5 244 1 248 1.5 246 1.5 249 1.5 247 1 246 1.5 248 1
0 0 8 247 1.5 249 1 245 1.5 247 1 247 1 244 1.5 243 1.5 249 1 244 1.5 243 1.5 249 1 241 1 248 1.5
0 0 10 246 1.5 247 1 249 1 244 1.5 245 1 249 1 249 1 246 1.5 244 1.5 250 1.5 252 1 246 1 245 1.5
0 0 12 253 1.5 248 1 254 1 251 1 251 1 247 1.5 252 1.5 252 1 251 1.5 251 1.5 256 1 251 1 250 1.5
0 0 14 256 1 255 1 253 1 252 1.5 256 1 253 1 258 1.5 252 1 253 1 252 1 259 1 253 1.5 255 1
0 0 16 254 1.5 254 1 256 1 262 1.5 259 1 252 1 257 1 255 1 258 1 262 1 257 1.5 257 1.5 261 1
0 0 18 253 1.5 250 1 254 1.5 253 1 255 1 253 1.5 255 1 250 1 249 1.5 252 1.5 251 1 257 1 256 1
0 0 20 244 1.5 241 1 245 1.5 245 1.5 249 1.5 243 1.5 241 1.5 248 1 243 1 247 1.5 245 1 245 1 241 1.5
0 0 22 250 1.5 252 1 246 1.5 251 1 246 1 243 1 247 1.5 244 1.5 249 1.5 250 1.5 248 1.5 247 1 252 1.5
0 0 24 248 1.5 253 1.5 259 1 255 1.5 259 1 254 1 253 1.5 250 1 252 1 252 1 263 1.5 254 1.5 255 1.5
0 0 26 254 1.5 254 1 254 1.5 257 1 255 1 255 1 254 1 250 1 252 1.5 251 1.5 253 1.5 254 1.5 252 1.5
0 0 28 257 1 253 1 253 1.5 251 1.5 259 1 248 1.5 258 1.5 255 1 251 1.5 258 1 254 1 250 1 252 1.5
0 0 30 253 1.5 257 1 253 1.5 255 1.5 251 1 263 1 261 1.5 260 1.5 252 1.5 252 1 247 1 253 1.5 258 1
0 0 32 247 1.5 249 1 254 1 249 1 248 1.5 251 1.5 250 1.5 247 1 256 1.5 258 1.5 250 1 253 1 259 1.5
0 0 34 250 1.5 248 1 245 1 250 1.5 250 1 243 1.5 250 1.5 243 1 247 1.5 249 1.5 239 1 245 1 251 1
0 0 36 252 1.5 255 1 251 1.5 256 1 256 1 253 1.5 254 1.5 253 1.5 256 1.5 252 1 254 1 258 1.5 258 1.5
0 0 38 245 1.5 241 1 245 1.5 247 1 242 1 244 1 244 1.5 242 1 240 1 248 1.5 242 1 246 1 248 1.5
0 0 40 247 1.5 238 1 246 1.5 247 1.5 246 1.5 246 1.5 244 1.5 245 1 249 1.5 248 1.5 247 1 244 1 247 1.5
0 0 42 251 1 255 1 247 1.5 254 1 257 1.5 246 1 254 1 246 1 248 1.5 253 1 246 1 248 1 247 1
0 0 44 255 1.5 253 1 250 1.5 255 1 251 1 259 1 252 1.5 251 1 254 1.5 244 1.5 248 1.5 248 1.5 249 1
0 0 46 252 1.5 248 1 245 1 249 1 247 1.5 247 1.5 248 1.5 251 1.5 244 1.5 249 1.5 249 1 247 1.5 253 1
0 0 48 244 1.5 238 1 244 1.5 242 1.5 244 1 241 1 243 1.5 242 1 241 1.5 242 1 249 1 246 1 243 1
0 0 50 247 1.5 245 1 246 1.5 250 1.5 243 1.5 246 1.5 241 1.5 239 1.5 242 1 252 1.5 242 1 247 1.5 243 1
0 0 52 250 1.5 244 1 250 1 257 1.5 244 1 251 1.5 252 1.5 250 1 254 1.5 253 1 247 1 254 1 252 1
0 0 54 252 1.5 254 1 251 1.5 252 1.5 255 1 244 1 255 1.5 254 1 252 1.5 251 1.5 249 1 252 1 254 1.5
0 0 56 254 1.5 250 1 260 1 249 1.5 249 1 258 1.5 254 1.5 251 1.5 250 1.5 254 1.5 254 1.5 259 1 261 1
0 0 58 250 1.5 258 1 253 1.5 255 1.5 253 1 250 1 254 1 253 1.5 255 1.5 251 1 251 1.5 255 1 254 1.5
0 0 60 249 1.5 250 1 257 1 252 1.5 258 1.5 264 1 249 1 250 1 250 1.5 249 1 253 1 246 1 253 1.5
0 0 62 256 1.5 255 1 254 1 256 1.5 257 1.5 255 1 264 1 251 1.5 256 1 250 1 258 1 260 1 256 1
0 1 0 223 1.5 227 1.5 225 1 226 1.5 222 1.5 220 1 225 1 221 1.5 224 1.5 217 1 225 1 221 1 219 1
0 1 2 233 1.5 233 1 239 1 231 1.5 236 1.5 231 1 235 1 236 1 235 1 228 1 232 1 231 1.5 231 1.5
0 1 4 224 1.5 236 1.5 231 1 232 1.5 232 1.5 236 1.5 234 1 237 1.5 231 1.5 235 1.5 228 1.5 233 1.5 237 1
0 1 6 233 1.5 227 1 227 1 228 1.5 227 1.5 227 1 230 1.5 229 1 223 1.5 225 1 229 1 228 1.5 230 1
0 1 8 232 1 236 1.5 230 1 232 1.5 228 1 226 1.5 232 1 226 1.5 225 1 223 1.5 228 1.5 235 1 235 1
0 1 10 221 1 219 1.5 220 1 218 1.5 222 1 218 1 219 1 223 1.5 222 1.5 220 1.5 216 1 225 1 222 1
0 1 12 230 1 229 1.5 229 1 232 1 227 1 230 1.5 227 1.5 229 1.5 231 1.5 231 1 230 1.5 222 1.5 236 1
0 1 14 238 1.5 235 1 240 1.5 232 1.5 237 1.5 237 1.5 234 1.5 235 1.5 242 1.5 244 1 244 1.5 236 1.5 244 1.5
0 1 16 226 1.5 230 1.5 234 1.5 227 1 232 1 226 1 232 1 227 1 230 1 229 1 229 1 228 1 228 1
0 1 18 233 1.5 230 1.5 232 1 235 1.5 233 1 234 1.5 233 1 232 1.5 225 1 235 1 233 1 235 1 240 1.5
0 1 20 246 1 244 1.5 240 1.5 241 1.5 239 1 237 1.5 242 1.5 238 1.5 238 1 239 1 237 1 236 1.5 242 1
0 1 22 227 1 228 1.5 232 1 227 1 228 1 230 1.5 231 1 232 1.5 227 1 232 1.5 229 1.5 225 1 230 1.5
0 1 24 228 1 229 1.5 231 1 232 1.5 231 1 235 1 234 1.5 237 1 233 1.5 236 1.5 233 1 235 1 233 1
0 1 26 225 1 222 1.5 230 1 222 1 230 1 227 1.5 225 1 223 1.5 231 1 227 1.5 224 1 228 1.5 227 1.5
0 1 28 232 1.5 237 1 237 1 234 1.5 228 1 232 1.5 234 1.5 231 1.5 233 1 227 1.5 231 1 233 1.5 233 1.5
0 1 30 231 1.5 228 1.5 231 1.5 238 1 232 1 234 1 234 1 228 1 235 1.5 230 1 234 1 231 1 232 1.5
0 1 32 228 1 224 1.5 230 1.5 224 1.5 229 1 226 1 228 1 227 1 226 1 231 1.5 229 1.5 230 1 230 1
0 1 34 227 1.5 224 1.5 225 1 228 1.5 228 1 227 1 228 1.5 226 1 229 1 230 1.5 231 1 227 1 228 1.5
0 1 36 231 1.5 228 1.5 234 1 228 1 233 1.5 235 1.5 234 1 224 1 228 1 231 1.5 230 1.5 232 1 231 1
0 1 38 225 1.5 228 1 228 1 227 1 226 1.5 229 1.5 227 1 227 1 225 1 225 1.5 224 1 228 1 227 1
0 1 40 232 1.5 229 1.5 225 1 227 1 230 1.5 223 1 231 1.5 229 1.5 226 1.5 236 1.5 230 1 222 1 234 1
0 1 42 230 1 227 1 221 1.5 225 1.5 227 1.5 220 1 227 1 226 1.5 220 1 228 1.5 230 1.5 228 1.5 225 1
0 1 44 231 1 226 1 228 1 225 1 228 1.5 228 1.5 235 1 231 1.5 233 1.5 226 1.5 225 1 231 1 227 1
0 1 46 222 1 224 1.5 222 1 219 1 225 1 227 1 226 1 225 1.5 220 1.5 221 1 226 1 221 1 229 1
0 1 48 224 1.5 219 1.5 226 1 223 1.5 226 1 228 1 229 1 226 1.5 225 1.5 223 1 225 1 225 1 224 1.5
0 1 50 224 1.5 222 1.5 233 1 227 1.5 230 1 230 1.5 222 1 228 1 230 1.5 229 1.5 227 1 232 1 228 1
0 1 52 242 1.5 238 1 236 1 243 1 240 1.5 242 1.5 241 1 238 1.5 235 1.5 233 1.5 237 1.5 237 1.5 239 1
0 1 54 232 1.5 235 1.5 231 1 235 1 242 1.5 236 1.5 238 1.5 228 1 227 1 234 1.5 230 1 237 1 238 1
0 1 56 222 1.5 223 1.5 232 1.5 227 1.5 228 1.5 221 1 231 1 230 1.5 224 1 230 1.5 230 1 230 1 230 1
0 1 58 224 1 230 1 230 1 226 1.5 223 1.5 226 1.5 224 1.5 233 1 224 1.5 223 1.5 229 1 225 1 227 1
0 1 60 226 1.5 230 1 221 1 220 1 225 1 222 1.5 226 1 221 1.5 223 1.5 229 1.5 224 1 221 1.5 224 1
0 1 62 235 1 236 1.5 237 1 234 1.5 237 1 230 1.5 237 1 228 1.5 234 1 241 1 240 1 233 1 238 1
0 2 0 244 1.5 243 1 241 1 243 1.5 245 1 246 1 247 1.5 250 1.5 242 1 245 1 245 1 248 1.5 255 1
0 2 2 231 1.5 237 1 239 1.5 240 1.5 240 1 240 1 239 1 240 1.5 238 1 240 1.5 240 1.5 238 1.5 242 1.5
0 2 4 252 1.5 248 1 238 1 241 1.5 241 1 241 1 243 1.5 249 1.5 244 1 240 1 245 1 248 1.5 245 1.5
0 2 6 247 1.5 250 1.5 248 1.5 251 1.5 242 1 252 1.5 250 1.5 246 1.5 242 1.5 243 1.5 245 1 249 1.5 252 1.5
0 2 8 244 2 242 1.5 241 1.5 250 1.5 246 1.5 245 1 244 1.5 246 1 246 1.5 243 1.5 242 1 253 1.5 248 1.5
0 2 10 245 2 247 1 248 1 237 1 241 1.5 246 1.5 245 1.5 240 1.5 242 1.5 249 1 243 1.5 243 1.5 237 1
0 2 12 237 1.5 239 1 240 1.5 236 1.5 237 1 237 1.5 240 1 237 1.5 235 1.5 235 1 236 1.5 230 1.5 240 1.5
0 2 14 252 1.5 254 1 246 1 250 1.5 251 1.5 251 1.5 251 1.5 251 1.5 256 1.5 245 1.5 253 1 249 1.5 245 1.5
0 2 16 241 1.5 240 1 239 1.5 242 1.5 242 1.5 240 1 241 1.5 245 1.5 237 1.5 241 1 239 1 245 1.5 244 1.5
0 2 18 249 1.5 260 1.5 253 1.5 252 1.5 255 1.5 249 1 249 1.5 245 1 255 1 247 1 258 1.5 247 1 249 1
0 2 20 254 1.5 248 1 250 1 245 1.5 250 1 250 1.5 246 1.5 246 1 249 1 255 1.5 253 1.5 246 1 255 1.5
0 2 22 241 1.5 239 1.5 237 1 243 1.5 241 1 247 1 244 1 242 1.5 239 1.5 244 1 239 1.5 239 1 238 1.5
0 2 24 241 2 240 1 241 1 232 1.5 239 1 238 1 239 1.5 239 1.5 237 1.5 235 1.5 241 1 242 1 242 1
0 2 26 249 1.5 251 1 247 1 242 1.5 247 1.5 240 1.5 248 1.5 246 1 252 1.5 248 1 245 1 248 1.5 244 1.5
0 2 28 254 2 255 1 253 1 253 1 248 1.5 253 1.5 252 1.5 255 1.5 248 1 247 1.5 249 1.5 252 1.5 251 1.5
0 2 30 243 1.5 243 1 245 1 245 1.5 249 1.5 247 1.5 239 1.5 248 1.5 246 1.5 242 1.5 246 1.5 241 1.5 250 1.5
0 2 32 246 1.5 243 1 238 1 239 1 236 1.5 241 1 246 1.5 244 1 241 1 245 1 238 1 242 1.5 243 1.5
0 2 34 252 2 246 1.5 247 1 255 1.5 259 1 244 1.5 252 1.5 253 1.5 251 1 245 1 256 1.5 246 1 254 1
0 2 36 244 1.5 243 1.5 246 1.5 241 1.5 243 1.5 241 1 243 1.5 242 1.5 246 1.5 245 1 241 1 250 1.5 246 1.5
0 2 38 244 1.5 243 1 244 1.5 247 1.5 243 1 247 1 249 1.5 246 1 246 1 250 1 249 1 242 1.5 247 1.5
0 2 40 249 1.5 251 1 249 1.5 250 1.5 250 1 250 1.5 246 1.5 244 1.5 251 1.5 248 1 244 1.5 250 1.5 252 1.5
0 2 42 245 1.5 255 1.5 254 1 247 1.5 245 1 248 1 256 1.5 245 1.5 247 1.5 257 1.5 252 1 241 1.5 251 1.5
0 2 44 252 2 247 1 255 1.5 251 1 251 1.5 247 1 246 1.5 248 1.5 247 1.5 250 1.5 247 1.5 243 1.5 250 1.5
0 2 46 238 1.5 240 1 244 1.5 243 1.5 238 1.5 243 1 241 1 244 1.5 241 1.5 244 1.5 249 1 237 1.5 247 1.5
0 2 48 244 1.5 249 1 245 1 236 1.5 237 1 246 1 247 1.5 244 1.5 243 1.5 241 1 242 1.5 250 1.5 242 1.5
0 2 50 254 2 250 1.5 244 1.5 246 1.5 244 1 251 1 244 1 246 1 247 1.5 247 1.5 250 1.5 253 1.5 246 1
0 2 52 242 1.5 243 1.5 240 1.5 244 1.5 246 1.5 244 1 243 1.5 242 1.5 238 1.5 241 1.5 238 1 240 1.5 243 1.5
0 2 54 240 2 245 1.5 248 1.5 252 1.5 248 1.5 251 1.5 252 1.5 247 1.5 246 1.5 246 1.5 247 1.5 247 1.5 253 1.5
0 2 56 246 1.5 242 1.5 244 1.5 237 1.5 242 1 245 1 239 1.5 243 1.5 247 1 240 1 239 1.5 246 1.5 252 1.5
0 2 58 252 1.5 241 1 254 1.5 254 1.5 245 1.5 245 1.5 252 1.5 249 1.5 254 1 252 1.5 250 1 242 1.5 252 1
0 2 60 238 1.5 244 1.5 243 1 241 1.5 244 1.5 246 1 238 1.5 237 1.5 244 1.5 241 1 238 1.5 240 1 241 1.5
0 2 62 228 1.5 241 1.5 239 1 237 1.5 239 1.5 235 1 231 1.5 236 1.5 235 1.5 232 1 235 1.5 233 1.5 229 1
0 3 0 221 1.5 219 1 220 1 220 1 222 1.5 220 1 221 1.5 223 1 226 1.5 222 1.5 223 1 221 1 223 1.5
0 3 2 226 1 218 1 229 1 219 1 222 1.5 220 1 224 1.5 215 1 222 1 224 1 216 1.5 221 1.5 223 1.5
0 3 4 220 1 217 1.5 219 1 217 1 220 1.5 223 1 220 1.5 223 1 222 1.5 225 1 220 1.5 218 1 224 1.5
0 3 6 223 1.5 222 1.5 233 1 228 1 227 1.5 225 1 226 1 223 1 223 1 232 1 224 1 228 1 227 1
0 3 8 226 1 217 1.5 219 1 223 1.5 216 1 217 1.5 217 1.5 218 1.5 222 1.5 221 1 222 1 227 1 229 1
0 3 10 218 1 222 1.5 214 1 226 1 224 1.5 220 1 227 1.5 221 1 225 1.5 213 1 222 1 223 1.5 221 1
0 3 12 235 1.5 242 1.5 235 1 243 1 236 1.5 238 1.5 236 1 235 1.5 238 1 242 1.5 236 1.5 238 1.5 242 1.5
0 3 14 234 1.5 238 1.5 235 1 234 1 233 1.5 240 1 229 1 235 1.5 238 1 243 1 237 1 234 1 234 1.5
0 3 16 229 1.5 221 1.5 221 1 216 1 223 1 223 1 220 1 221 1.5 221 1 224 1 225 1 227 1 224 1
0 3 18 219 1 218 1.5 217 1 221 1 221 1 217 1.5 220 1.5 220 1 216 1 215 1 215 1.5 219 1.5 223 1
0 3 20 227 1 225 1.5 226 1 227 1 226 1.5 234 1 228 1.5 226 1 226 1 229 1 226 1 225 1.5 229 1
0 3 22 218 1.5 221 2 222 2 215 1.5 224 2 222 2 221 2 217 2 219 2 227 2 221 2 224 1.5 222 2
0 3 24 224 1 226 1.5 224 1 227 1 228 1 226 1 229 1.5 223 1 222 1 226 1 226 1.5 220 1.5 230 1.5
0 3 26 233 1 228 1.5 237 1 228 1 232 1.5 233 1 230 1.5 237 1 230 1.5 233 1 238 1.5 233 1 241 1.5
0 3 28 230 1 230 1.5 228 1 231 1.5 228 1.5 234 1 231 1.5 237 1.5 233 1 236 1 231 1.5 237 1 227 1
0 3 30 230 1 224 1.5 228 1 229 1 227 1 223 1 230 1 226 1 221 1.5 234 1.5 234 1.5 231 1.5 231 1.5
0 3 32 233 1 227 1.5 226 1.5 231 1.5 228 1.5 231 1 226 1.5 231 1 228 1.5 227 1 234 1.5 232 1.5 230 1
0 3 34 223 1 226 1.5 226 1.5 224 1 225 1.5 227 1 229 1.5 224 1 225 1 229 1.5 222 1.5 225 1.5 225 1.5
0 3 36 217 1 217 1.5 213 1 213 1 214 1.5 217 1.5 219 1 216 1.5 220 1 216 1.5 212 1 213 1 223 1
0 3 38 227 1 220 1 218 1 227 1.5 223 1.5 217 1.5 227 1.5 227 1.5 227 1 227 1 224 1.5 219 1 223 1
0 3 40 225 1 225 1.5 227 1 231 1.5 220 1 226 1 225 1.5 219 1.5 228 1 224 1 225 1.5 227 1 221 1.5
0 3 42 224 1.5 220 1.5 224 1 224 1 226 1.5 219 1 220 1.5 223 1 231 1 226 1 222 1 220 1 221 1
0 3 44 231 1.5 231 1 234 1 225 1.5 234 1.5 231 1 234 1 231 1.5 235 1 227 1.5 231 1.5 233 1 229 1
0 3 46 226 1 221 1.5 223 1.5 224 1 218 1.5 219 1 219 1.5 224 1.5 224 1 226 1 224 1 227 1 224 1
0 3 48 231 1.5 243 1.5 232 1 235 1.5 230 1 234 1.5 232 1.5 231 1.5 237 1 231 1 230 1.5 235 1 233 1.5
0 3 50 221 1.5 218 1.5 221 1 221 1 218 1.5 221 1.5 219 1.5 222 1.5 216 1 219 1 227 1.5 221 1.5 224 1.5
0 3 52 231 1 232 1.5 229 1 226 1 225 1.5 227 1 229 1 226 1 225 1 227 1.5 230 1.5 225 1.5 233 1
0 3 54 223 1.5 223 1.5 223 1 231 1.5 213 1 225 1 227 1.5 221 1.5 224 1.5 226 1.5 220 1.5 225 1.5 229 1
0 3 56 222 1 218 1 212 1 221 1.5 222 1.5 220 1 222 1.5 223 1 214 1 217 1 224 1 221 1.5 222 1
0 3 58 221 1 217 1.5 218 1 222 1 220 1 218 1 216 1.5 220 1 220 1.5 221 1.5 220 1.5 218 1 222 1
0 3 60 222 1 221 1.5 227 1.5 228 1.5 223 1.5 224 1 220 1 221 1.5 225 1 224 1 226 1 223 1.5 225 1
0 3 62 224 1 230 1.5 222 1 224 1 231 1.5 235 1.5 223 1.5 231 1.5 225 1.5 228 1.5 227 1 226 1 229 1.5
