0 0 0 254 3.5 253 3.5 249 3.5 249 3.5 250 4 246 3.5 255 3 248 4 258 4 250 3.5 248 3.5 245 3 252 3.5
0 0 2 252 3 250 3.5 249 3.5 247 3 245 3.5 245 3.5 252 3.5 249 3.5 249 3.5 250 3 255 3.5 253 3 250 3.5
0 0 4 244 3 250 3.5 247 3.5 251 3 243 3 248 3.5 243 3 247 3.5 253 4 249 3.5 252 3.5 249 3.5 252 3.5
0 0 6 240 3.5 242 3.5 243 4 241 4 243 4 244 3.5 248 3 244 3.5 243 4 245 3.5 246 3.5 238 3.5 239 3.5
0 0 8 242 3 240 3.5 246 4 242 3.5 241 3.5 244 4 242 3 246 3.5 247 4 248 3.5 242 3.5 241 3.5 250 4
0 0 10 252 4 244 3.5 251 4 248 3.5 243 4 249 4 239 3.5 250 4 242 4 247 3.5 247 3.5 248 3.5 254 4
0 0 12 251 3.5 249 4 249 4 247 3.5 246 3.5 248 4 253 4 250 4 251 3.5 245 3.5 258 4 244 3.5 251 4
0 0 14 253 3.5 252 3.5 244 3.5 247 3 249 4 253 3.5 255 3.5 253 3.5 249 3.5 247 3.5 251 3 245 3.5 248 4
0 0 16 248 3.5 242 3.5 245 3.5 248 3.5 244 3.5 247 3.5 239 3 249 3.5 243 3.5 247 3 244 3.5 249 3.5 244 4
0 0 18 241 3 242 3.5 250 4 242 3.5 240 3.5 244 3.5 249 3.5 243 3.5 243 3.5 251 3.5 247 4 247 3.5 246 3.5
0 0 20 245 2.5 240 3.5 250 3.5 243 3.5 246 3.5 243 3 243 3 244 3 247 4 253 3.5 242 3.5 245 3 249 3.5
0 0 22 241 3 235 3.5 239 3.5 233 3.5 236 3.5 237 3.5 231 3.5 238 3.5 232 3.5 238 3 241 3 232 3.5 237 3.5
0 0 24 249 3.5 242 3.5 246 4 238 3 243 3.5 236 4 242 3 246 3.5 239 3.5 246 3.5 246 3.5 246 3.5 249 3.5
0 0 26 255 3.5 260 3.5 255 4 248 3 248 3.5 254 3.5 247 3.5 258 4 254 3.5 257 3.5 255 3.5 257 3.5 255 3.5
0 0 28 255 3.5 255 3.5 258 4 248 3.5 254 4 252 4 252 3 255 3 260 3.5 256 3.5 250 3.5 259 3.5 256 3.5
0 0 30 246 3.5 241 3.5 243 4 241 3 249 4 241 3.5 245 3.5 251 3.5 244 3.5 242 3.5 247 4 246 3.5 243 3.5
0 0 32 249 3.5 244 4 247 3.5 244 3.5 246 3.5 244 4 248 3.5 246 3.5 243 3.5 244 4 237 4 249 4 245 3.5
0 0 34 240 3 241 3.5 244 3.5 248 3 242 3.5 238 3 237 3.5 241 3.5 242 4 249 3.5 243 3 241 3.5 239 3.5
0 0 36 245 3.5 241 3.5 244 4 242 3.5 247 3.5 238 4 237 3.5 242 3.5 240 3.5 242 3.5 239 3.5 241 4 243 4
0 0 38 255 3.5 251 3.5 248 3.5 249 3.5 252 3.5 250 4 251 3.5 251 4 253 4 248 3 252 3 250 3.5 254 3.5
0 0 40 257 3 251 3 250 3.5 253 3 254 3.5 246 3 256 3.5 256 4 253 3.5 252 3.5 251 3 254 3.5 251 3.5
0 0 42 253 3.5 248 3.5 252 3.5 248 3 247 3.5 249 3.5 246 3 243 3.5 243 3.5 250 3.5 248 3 247 3 245 3
0 0 44 247 3.5 247 4.5 244 4 245 4 244 4 245 4 244 3.5 244 4 244 3.5 248 4 240 4 247 3.5 244 4
0 0 46 241 3.5 240 3.5 243 4 245 3.5 243 4 241 4 240 3.5 242 3.5 232 4 244 3.5 244 3.5 244 3.5 245 4
0 0 48 243 3 251 3.5 250 4 252 3.5 244 3.5 245 4 247 3.5 244 3.5 252 3.5 249 3.5 251 3.5 253 3.5 250 4
0 0 50 241 3.5 240 3.5 244 4 240 3.5 238 4 243 4 238 3.5 239 3.5 238 3.5 235 3.5 236 3.5 238 3.5 241 4
0 0 52 234 3 239 3 238 4 243 3.5 237 4 235 3.5 240 3 233 3.5 243 3.5 240 3.5 237 3.5 240 3 241 3.5
0 0 54 243 3 245 3.5 241 4 243 3 242 3.5 243 3 239 3.5 244 3 247 3.5 242 3 240 3.5 250 3.5 252 3.5
0 0 56 244 3.5 249 3.5 245 3.5 247 3 245 3.5 245 3.5 240 3.5 248 4 242 3.5 245 3.5 244 3.5 245 4 246 3.5
0 0 58 243 3.5 249 3.5 239 3.5 240 3.5 243 3.5 238 3.5 244 3.5 241 3.5 240 3.5 241 4 242 4 239 3.5 238 4
0 0 60 244 3 248 3.5 252 4 248 3.5 249 3 249 3.5 250 3 247 3.5 244 4 249 3 252 3.5 248 3 244 3.5
0 0 62 241 3 243 3.5 238 3.5 237 3.5 244 3.5 241 3.5 233 3 240 3.5 240 3.5 240 3 247 3.5 240 3.5 237 3.5
0 1 0 235 3.5 240 4 237 3 237 3.5 237 3.5 234 3.5 236 3.5 240 3.5 237 3.5 237 3 232 3.5 238 4 234 3.5
0 1 2 231 3 227 3.5 228 3 232 3.5 227 3 227 3.5 229 3.5 228 3 230 3.5 233 3 229 3.5 231 3.5 234 3.5
0 1 4 235 3.5 234 4 236 3.5 233 4 236 3.5 233 3 235 3 236 3.5 239 3.5 236 3.5 233 3.5 238 3.5 239 3.5
0 1 6 229 2.5 234 4 234 3 231 3 228 3 228 3.5 226 3 233 3 228 3 229 2.5 237 3 233 3 227 3.5
0 1 8 220 3 226 4.5 222 4 224 4 221 3.5 223 4 222 3.5 217 3.5 221 4 222 4 224 4 220 4 225 3.5
0 1 10 223 2.5 225 3.5 226 3 227 3 227 3.5 230 3.5 229 3 224 3 233 3.5 230 3 233 3.5 234 3.5 235 3
0 1 12 239 3 236 4 236 3 232 3.5 233 3.5 237 3.5 241 3.5 234 3.5 232 3.5 241 3 234 3.5 233 3.5 237 3.5
0 1 14 229 3.5 224 4 227 3.5 225 4 228 4 229 4 228 4 234 4.5 227 4 227 3.5 230 4 231 4 228 4
0 1 16 233 3.5 229 4.5 232 4 238 4 238 4 239 4.5 230 4 233 4 239 4 236 4.5 231 4 230 4 237 4
0 1 18 226 3.5 227 4.5 228 3.5 231 4 224 4 227 4 227 3.5 224 4 225 4 223 3.5 221 3.5 223 4 223 3.5
0 1 20 232 3.5 233 4.5 231 3.5 229 4 234 3.5 232 4 229 3 227 3.5 231 4 229 3.5 230 3.5 233 3.5 236 4
0 1 22 235 3.5 235 4.5 230 3.5 231 4 232 3.5 236 4 224 4 230 3.5 232 3.5 228 3.5 231 4 230 4 229 4
0 1 24 229 3 221 4 225 3.5 223 4 222 4 218 3.5 218 3.5 220 3 222 3.5 216 4 230 3.5 224 4 223 3
0 1 26 228 3 225 3.5 227 3.5 225 3.5 226 3.5 235 3.5 225 3.5 226 3.5 228 4 220 3 225 3.5 228 3.5 223 4
0 1 28 227 3 226 3.5 226 3 226 3.5 228 3.5 235 3.5 227 3 221 3.5 225 4 229 3.5 229 3.5 225 3.5 227 3.5
0 1 30 223 3 220 3.5 222 3 218 3.5 220 3.5 224 4 226 4 217 3 219 3.5 226 3 223 3.5 223 3.5 225 3.5
0 1 32 233 3.5 229 4 232 3.5 233 3.5 232 3.5 232 3.5 236 3.5 237 4 233 3.5 238 4 231 3.5 234 3.5 236 3.5
0 1 34 239 3.5 238 4.5 238 3.5 238 3.5 236 4 238 4 239 4 241 3.5 233 3.5 234 4 236 4 239 4 239 4
0 1 36 233 3.5 234 4.5 233 3.5 226 3.5 224 3.5 233 3.5 230 3.5 227 3.5 224 3.5 228 3 225 3.5 225 3.5 224 3.5
0 1 38 227 2.5 226 4 224 3 223 3.5 224 3.5 223 3.5 224 3.5 226 3 221 3.5 231 3.5 225 3 224 3.5 228 3.5
0 1 40 238 3 241 3.5 242 3 234 3.5 238 3.5 234 3.5 238 3.5 242 3 244 3.5 230 3 239 3.5 239 3.5 233 3.5
0 1 42 229 2.5 233 4 233 3 234 3.5 237 3 233 3.5 232 3.5 229 3.5 233 3.5 229 3 229 3.5 235 3 232 3.5
0 1 44 227 3 227 4 230 3.5 229 4 227 3.5 236 4 230 3.5 229 3.5 236 4 233 3.5 234 4 224 3.5 230 4
0 1 46 228 3 233 4 241 3.5 232 3.5 228 3.5 228 4 234 3.5 234 3.5 230 3.5 227 3.5 232 3.5 232 4 239 4
0 1 48 232 3.5 229 4.5 235 3.5 236 4.5 234 4 230 4 233 4 231 4 226 4 238 3.5 230 4 231 4 235 4
0 1 50 226 3.5 225 4 232 3.5 229 4.5 229 4 230 3.5 230 4 233 4 233 4 227 3.5 232 4.5 228 4 227 4
0 1 52 238 3 229 4 234 4 235 4 230 3.5 228 3.5 234 3.5 237 3.5 230 3.5 234 3.5 233 3.5 232 3.5 238 3.5
0 1 54 232 3 232 4 232 3 233 3.5 231 3.5 230 3.5 235 3.5 233 3.5 232 3.5 231 3 231 3.5 228 3.5 232 4
0 1 56 229 2.5 229 4 227 3 233 3.5 227 3.5 230 3 231 3 225 3 230 3.5 233 3.5 228 3 227 3 229 3.5
0 1 58 231 3 220 4 227 3.5 225 3.5 221 3.5 226 3.5 217 3 223 3.5 220 3.5 222 3.5 223 3.5 220 3.5 223 3.5
0 1 60 228 3 226 4 229 3.5 226 4 228 4 231 4 226 3.5 226 3.5 228 3.5 225 3.5 226 3.5 229 4 227 3.5
0 1 62 222 3 228 4 226 3.5 227 3.5 226 4 222 3.5 228 3.5 230 3.5 225 3.5 227 3.5 227 3.5 221 3.5 224 3.5
0 2 0 246 3 255 3 254 4 256 3.5 257 4 252 3.5 257 3.5 253 3.5 257 3.5 251 3.5 252 3.5 258 3.5 261 4
0 2 2 252 3.5 251 3.5 249 3.5 245 3 248 3 251 4 249 3.5 250 3.5 254 4 243 3.5 249 3.5 249 3.5 250 3.5
0 2 4 252 3 245 3.5 253 4.5 252 3.5 251 3 248 3.5 251 3.5 250 3 251 4 250 4 251 3.5 246 3.5 243 3.5
0 2 6 243 3.5 244 4 245 4.5 237 4 244 3.5 248 4 245 4 248 4 252 4.5 248 3.5 246 4 248 3.5 249 4.5
0 2 8 255 4 248 3.5 255 4.5 257 4 257 4 253 4 253 4 259 4 252 4 254 3.5 258 4.5 255 4 258 4
0 2 10 254 3.5 259 4 256 4 258 4 262 3.5 259 4 247 4 251 3.5 254 4 255 4 253 4 257 3.5 253 4
0 2 12 255 3.5 250 3.5 246 4 251 4 250 3.5 251 4.5 254 4 252 4 256 4 250 3.5 245 4 249 3.5 254 4
0 2 14 257 3.5 253 3.5 254 4.5 252 4 256 3.5 254 3.5 256 4 257 4 259 4 253 3.5 256 4 250 3.5 264 4
0 2 16 252 3 253 4 251 4 248 4 248 3.5 254 4 252 3.5 252 4 244 4 250 4 256 4 245 4 252 4
0 2 18 249 3.5 244 4 248 4.5 243 3.5 245 3.5 245 4 241 3.5 237 3.5 244 4 246 3.5 236 3.5 242 3.5 242 4
0 2 20 261 4 255 3.5 254 4.5 253 4 247 3.5 257 4 246 3.5 251 3.5 254 4 254 4 253 4 249 4 252 3.5
0 2 22 244 3 249 3.5 253 4 245 3.5 246 3.5 245 4 247 3.5 248 4 250 3.5 246 3.5 251 3.5 246 4 247 3
0 2 24 251 3 251 3.5 245 4 248 3.5 247 3.5 250 3.5 249 3.5 250 3 245 3.5 251 3 246 4 250 3.5 249 3.5
0 2 26 256 3.5 257 3.5 245 4 253 3.5 258 3 251 3.5 256 3.5 249 3 252 3.5 251 3.5 252 3.5 253 3.5 256 4
0 2 28 249 3 238 3.5 241 3.5 246 3.5 237 3.5 246 4 246 3.5 238 4 241 4 246 3.5 249 3.5 248 3.5 253 4
0 2 30 258 3.5 253 3 255 4 254 3.5 251 3.5 259 3.5 261 3.5 252 3.5 256 3.5 255 3 260 3.5 253 3.5 256 3.5
0 2 32 258 3.5 257 3.5 255 4 259 3.5 262 3.5 253 3.5 263 4 255 3.5 251 3.5 263 3.5 261 4 265 3 258 3.5
0 2 34 256 3.5 253 3.5 250 4 253 3.5 253 3.5 251 4 250 3.5 250 3.5 253 3.5 260 3.5 255 4 257 3.5 248 3.5
0 2 36 263 4 259 4 269 4.5 266 4 258 4 254 4 259 3.5 263 3.5 264 4 262 4 260 4 258 4 260 4
0 2 38 256 3.5 254 3 254 3.5 250 4 253 4 253 3.5 250 4 251 3.5 256 4 250 3.5 252 4 256 4 249 4
0 2 40 244 3.5 253 3.5 248 4 249 3.5 248 3.5 246 4 238 3.5 241 3.5 245 3.5 239 3.5 243 3.5 243 3.5 245 3.5
0 2 42 248 3.5 257 3 255 4 254 3.5 248 3 252 3.5 252 3.5 259 3.5 252 3.5 252 3.5 253 3 250 3.5 260 3.5
0 2 44 249 3 250 3.5 244 4 255 3.5 251 3.5 252 3.5 251 4 252 3.5 254 4 249 3.5 245 3.5 251 3.5 245 4
0 2 46 254 3 259 3.5 259 4.5 260 3.5 258 3.5 256 4 260 4 252 3.5 260 4 260 3.5 256 4 250 3.5 255 3.5
0 2 48 245 3.5 245 3 242 3.5 245 3.5 245 3.5 241 4 251 3 244 3.5 251 4 250 3 252 4 246 4 250 3.5
0 2 50 251 3.5 248 3.5 246 4 247 3.5 254 4 247 4 240 3.5 243 3.5 241 3.5 242 3 247 3.5 248 3.5 255 4
0 2 52 248 3 251 3.5 248 4 252 3.5 254 3.5 248 3.5 255 4 247 3.5 251 3.5 253 3.5 254 3.5 252 3.5 252 4
0 2 54 251 3.5 249 3.5 256 4 251 4 244 3.5 252 4 253 4 251 3.5 246 4 255 4 251 3.5 248 3 248 4
0 2 56 252 3.5 255 3.5 256 4.5 255 3.5 261 4 247 4 252 3.5 261 3.5 254 3.5 250 3.5 260 3.5 258 3.5 254 4
0 2 58 263 4 252 3.5 254 4.5 249 4 250 3.5 256 4 257 3 251 3.5 257 3.5 259 4 250 3.5 259 3.5 260 3.5
0 2 60 257 3.5 262 3.5 261 4 254 3.5 252 3.5 261 3.5 261 4 261 3.5 257 4 261 3.5 259 4 261 3.5 264 3.5
0 2 62 256 3 259 3.5 254 4.5 262 4 265 3.5 259 4 257 3.5 255 4 256 4 263 4 259 4 255 3.5 254 3.5
0 3 0 223 3 222 3.5 222 3 220 3 219 3 222 3 223 3 222 3 226 3.5 228 3.5 224 3.5 226 3 225 3.5
0 3 2 218 3 217 3.5 222 3 220 3 225 3.5 219 3 221 3.5 225 3.5 225 3.5 218 3.5 221 3 223 3.5 225 3.5
0 3 4 227 3 221 3.5 227 3.5 222 3 222 3.5 223 3.5 227 4 231 3.5 226 3.5 223 3.5 224 3 226 3.5 227 3.5
0 3 6 223 2.5 222 4 220 3 220 3.5 228 4 229 3 224 3 227 3.5 220 3.5 223 3.5 222 3 222 3 225 3
0 3 8 226 3 226 4 222 3.5 223 3 230 4 226 3 228 3 224 4 226 3.5 225 3.5 221 3.5 221 3.5 225 3.5
0 3 10 221 3 226 3.5 224 3.5 222 3.5 225 3.5 220 3.5 219 3 220 3.5 226 4 231 3.5 227 4 222 3.5 226 4
0 3 12 214 3 215 3.5 219 3.5 217 3 214 3.5 208 3.5 221 3.5 215 3.5 218 3 214 3 218 3 215 3.5 212 4
0 3 14 221 3 221 3.5 218 3 214 3 222 3.5 219 3 221 3 219 3.5 224 3 220 3.5 218 3.5 221 3.5 221 3.5
0 3 16 211 3 220 3 219 2.5 217 3 218 3.5 218 3 227 3 220 3 211 3 218 3 216 3.5 217 3 214 3
0 3 18 216 2.5 218 3.5 218 3.5 213 3 219 3.5 213 3 224 3 215 3.5 223 3 212 3.5 213 3 219 3.5 221 3.5
0 3 20 220 3 215 4 211 4 218 3.5 220 4.5 214 3.5 211 4 214 3.5 209 3.5 214 3.5 208 4 216 3.5 218 4
0 3 22 232 10.5 234 11.5 233 13.5 226 11 234 12 227 12 233 12 222 12 235 12 231 12 226 12 228 12 224 11.5
0 3 24 220 3 224 4 221 3 226 3.5 222 3.5 219 3.5 227 3.5 220 3.5 224 3.5 221 3.5 226 4 231 3.5 228 3.5
0 3 26 217 3 220 3.5 219 3 224 3 219 3.5 225 3.5 215 3 212 3.5 213 3 215 3.5 219 3.5 214 3 219 3.5
0 3 28 228 3 220 4 219 3.5 221 3 218 3.5 214 3.5 216 3.5 216 3.5 220 4 213 3 218 3.5 216 3.5 219 3.5
0 3 30 227 3 221 3.5 226 3.5 225 3.5 223 4 227 3.5 226 3.5 229 3.5 226 3.5 224 3.5 220 3 220 3 233 3.5
0 3 32 221 2.5 221 3.5 213 3.5 225 3.5 214 3.5 220 3.5 218 3 213 3.5 215 3 230 3.5 222 3.5 217 3 218 3.5
0 3 34 239 3.5 239 4 237 3.5 235 3.5 237 3.5 229 3.5 236 3.5 236 3.5 245 3 241 3.5 239 3.5 233 3.5 239 3.5
0 3 36 234 3.5 227 4 235 3.5 227 3.5 235 3.5 226 3.5 225 3.5 222 3.5 233 3.5 224 3.5 230 3.5 231 3.5 229 3.5
0 3 38 214 3 211 3.5 217 3.5 219 3.5 215 3.5 214 3 217 3 217 3 215 3 213 3 220 3.5 214 3.5 214 3.5
0 3 40 217 3 219 3.5 220 3.5 222 3.5 216 4 221 3.5 215 3.5 219 4 217 4 211 3.5 213 3.5 217 3.5 219 3.5
0 3 42 219 3.5 222 3.5 221 3 223 3 226 3.5 217 3.5 222 3.5 220 3.5 224 4 220 3 223 3.5 222 3 222 3.5
0 3 44 225 3 222 3.5 219 3 222 3 223 3.5 223 4 221 3.5 224 4 221 3.5 225 3.5 222 4 227 3.5 220 3.5
0 3 46 224 3 221 4 218 4 224 3.5 223 4 213 3.5 218 3.5 228 4 222 4 226 4 217 4 218 3.5 214 4
0 3 48 216 3 217 3.5 221 3.5 217 3.5 214 4 220 3.5 220 3.5 216 3.5 214 3.5 220 3.5 222 4 217 3.5 218 4
0 3 50 210 3 210 3.5 220 3.5 213 3.5 212 3.5 217 3.5 210 3.5 211 4 211 3.5 209 3.5 211 3.5 210 3.5 214 3.5
0 3 52 212 2.5 208 3.5 214 3.5 215 3.5 212 3.5 212 3.5 205 3 206 3.5 210 3 211 3 206 3 210 3 208 3
0 3 54 217 2.5 216 3.5 216 3.5 214 3 210 3.5 214 3 214 2.5 214 3 209 3 219 3 214 3 212 3 212 3
0 3 56 223 3 219 3.5 215 3 219 3 225 3.5 217 3 224 3.5 226 3.5 219 3 224 3.5 225 3 224 3.5 228 3
0 3 58 228 3 226 4 223 3.5 223 3.5 225 3.5 223 3.5 227 3.5 226 3.5 226 3.5 226 3.5 222 3.5 223 3.5 221 3
0 3 60 230 3.5 227 4 223 3.5 225 3.5 226 4 226 3 229 3.5 226 3.5 226 3.5 230 4 222 3 226 3.5 225 3.5
0 3 62 223 3 222 4 222 3 216 3.5 221 3.5 221 3 218 3.5 224 3.5 217 3.5 220 3 218 3 211 3 224 3.5
